[gd_scene load_steps=3 format=3 uid="uid://bysuj8xbry7yo"]

[ext_resource type="PackedScene" uid="uid://de6mgoqkj1lls" path="res://Assets/Temp Imports/testsly.glb" id="1_ayhvr"]

[sub_resource type="AnimationNodeBlendTree" id="AnimationNodeBlendTree_d6jqt"]

[node name="sly_cooper_model" instance=ExtResource("1_ayhvr")]

[node name="GeneralSkeleton" parent="metarig" index="0"]
bones/0/position = Vector3(-0.000894234, 0.517362, 0.248832)
bones/0/rotation = Quaternion(0.010875, -0.0075693, 0.00142524, 0.999911)
bones/0/scale = Vector3(0.967301, 0.617126, 0.781861)
bones/1/position = Vector3(0, 0.0156235, -0.246609)
bones/2/position = Vector3(0, 0.669564, 0.2287)
bones/3/position = Vector3(0.314356, -0.0849609, 0.321104)
bones/3/rotation = Quaternion(0.0134975, 0.447315, -0.817564, -0.362375)
bones/4/position = Vector3(0.0572359, 0.0897499, -0.131617)
bones/5/position = Vector3(-0.358563, -0.0679846, 0.38419)
bones/5/rotation = Quaternion(-0.267255, 0.466923, 0.470603, 0.69935)
bones/6/position = Vector3(0.292277, -0.0159477, 0.0137077)
bones/6/rotation = Quaternion(-0.533222, -0.477112, 0.455756, 0.529457)
bones/7/position = Vector3(-4.25903e-09, -0.0388564, 0.0343145)
bones/7/rotation = Quaternion(0.265798, -6.61037e-09, 9.68587e-09, 0.964029)
bones/8/rotation = Quaternion(0.242922, -2.92198e-09, -1.2178e-07, 0.970046)
bones/9/rotation = Quaternion(0.196607, 0.051098, 0.0270374, 0.978777)
bones/10/rotation = Quaternion(-0.0508768, 0.00277902, -0.0126418, 0.998621)
bones/11/rotation = Quaternion(-0.0298031, 0.00157527, -0.00675307, 0.999532)
bones/11/scale = Vector3(1, 0.999999, 1)
bones/12/rotation = Quaternion(-0.466902, -0.0300013, -0.0519243, 0.882274)
bones/15/position = Vector3(-2.31189e-07, 0.0516442, 0.0386416)
bones/18/rotation = Quaternion(-2.45376e-09, 0.707107, 0.707107, 2.25068e-09)
bones/25/rotation = Quaternion(-0.0888175, -0.0794536, -0.29801, 0.947095)
bones/26/rotation = Quaternion(-0.0958346, -0.342294, 0.0466799, 0.933526)
bones/43/rotation = Quaternion(-0.0888175, 0.0794536, 0.29801, 0.947095)
bones/44/rotation = Quaternion(-0.0958346, 0.342294, -0.0466799, 0.933526)
bones/46/rotation = Quaternion(0.0791209, -0.000422029, 0.0461174, 0.995798)
bones/48/rotation = Quaternion(0.079121, 0.000422016, -0.0461173, 0.995798)
bones/49/rotation = Quaternion(-0.759131, -0.115564, -0.0873292, 0.634617)
bones/50/rotation = Quaternion(0.0119341, -0.0109053, 0.152291, 0.988203)
bones/51/rotation = Quaternion(-0.146104, 0.0120214, 0.0518529, 0.987836)
bones/52/rotation = Quaternion(-0.0544811, 0.00789254, -0.0196819, 0.99829)
bones/53/rotation = Quaternion(-0.747303, 0.119693, 0.0830255, 0.64832)
bones/54/rotation = Quaternion(0.0233756, 0.0107103, -0.152109, 0.988029)
bones/55/rotation = Quaternion(-0.130758, -0.0116396, -0.0625271, 0.989372)
bones/56/rotation = Quaternion(-0.0493418, -0.00743356, 0.0161516, 0.998624)
bones/65/rotation = Quaternion(0.495569, 0.49454, 0.506458, -0.503331)
bones/66/rotation = Quaternion(0.0178656, 0.916504, -0.155429, 0.368161)
bones/67/rotation = Quaternion(0.0715727, -0.897246, 0.416566, 0.12767)
bones/68/rotation = Quaternion(0.056213, 0.658701, -0.187194, 0.726575)
bones/69/rotation = Quaternion(0.129782, 0.673477, 0.404781, 0.604763)
bones/70/rotation = Quaternion(0.0741943, 0.989454, 0.0788985, 0.0961775)
bones/71/rotation = Quaternion(-0.0217831, 0.00613067, -0.267086, 0.963407)
bones/72/rotation = Quaternion(0.0156374, -0.0267326, -0.22342, 0.97423)
bones/73/rotation = Quaternion(-0.281802, 0.419777, 0.024064, 0.862436)
bones/74/rotation = Quaternion(-0.0921299, 0.053528, -0.00429223, 0.994298)
bones/75/rotation = Quaternion(-0.0181035, 0.0149869, 0.192571, 0.981002)
bones/77/rotation = Quaternion(0.0170517, -0.690609, -0.0403219, 0.721902)
bones/78/rotation = Quaternion(0.0044658, -0.0260344, -0.19307, 0.980829)
bones/79/rotation = Quaternion(-0.0102638, -0.0123776, -0.430148, 0.902615)
bones/81/rotation = Quaternion(-0.0732611, 0.622125, -0.0267136, 0.779025)
bones/82/rotation = Quaternion(0.0114259, -0.0250609, -0.218207, 0.975514)
bones/83/rotation = Quaternion(-0.00992534, 0.0449841, -0.429724, 0.901785)
bones/85/rotation = Quaternion(-0.0709077, 0.517056, -0.0962035, 0.847567)
bones/86/rotation = Quaternion(-0.00566391, -0.0740266, -0.115526, 0.990526)
bones/87/rotation = Quaternion(-0.0581685, 0.170875, -0.482038, 0.857355)
bones/88/rotation = Quaternion(0.576141, -0.406786, -0.374178, -0.602144)
bones/89/rotation = Quaternion(-0.0896663, 0.886268, -0.0640904, -0.449868)
bones/90/rotation = Quaternion(0.0654917, 0.900947, -0.381173, 0.196755)
bones/91/rotation = Quaternion(-0.0810043, -0.48835, 0.143122, 0.857012)
bones/92/position = Vector3(0.0487471, 0.0772042, 0.1005)
bones/92/rotation = Quaternion(-0.685269, 0.445253, 0.313862, 0.48337)
bones/95/rotation = Quaternion(0.172627, 0.978107, 0.0514446, -0.104214)
bones/96/rotation = Quaternion(-0.0226246, -0.000462614, 0.500511, 0.865435)
bones/97/rotation = Quaternion(0.0208801, 0.0228731, 0.42214, 0.906002)
bones/98/rotation = Quaternion(-0.248719, -0.440187, -0.0902515, 0.858038)
bones/99/rotation = Quaternion(-0.0702665, -0.0762151, 0.00454346, 0.994602)
bones/100/rotation = Quaternion(-0.0153117, -0.0178297, -0.355521, 0.934373)
bones/102/rotation = Quaternion(0.146711, 0.675061, 0.175454, 0.701416)
bones/103/rotation = Quaternion(0.0131398, 0.0229146, 0.518347, 0.854762)
bones/104/rotation = Quaternion(-0.00796247, 0.0139697, 0.580124, 0.814369)
bones/106/rotation = Quaternion(-0.189028, -0.597223, 0.172839, 0.760079)
bones/107/rotation = Quaternion(0.0193416, 0.0196086, 0.540127, 0.841133)
bones/108/rotation = Quaternion(-0.0175742, -0.042582, 0.579562, 0.813625)
bones/110/rotation = Quaternion(-0.166944, -0.494474, 0.253985, 0.81432)
bones/111/rotation = Quaternion(0.020118, 0.0714652, 0.448857, 0.890514)
bones/112/rotation = Quaternion(-0.0869131, -0.158203, 0.623381, 0.760798)
bones/113/rotation = Quaternion(0.543964, 0.0441293, -0.074508, 0.834628)
bones/114/rotation = Quaternion(0.534717, -0.095653, 0.132531, 0.829074)
bones/125/rotation = Quaternion(-0.0280205, 0.503759, 0.854178, -0.125781)
bones/125/scale = Vector3(1.00001, 0.999998, 1.00001)
bones/126/rotation = Quaternion(0.233523, 0.71482, -0.655698, 0.0675149)
bones/127/rotation = Quaternion(0.0985286, 0.391576, -0.914368, 0.0298666)
bones/127/scale = Vector3(0.999994, 1.00001, 0.999985)
bones/128/rotation = Quaternion(-0.000156951, 0.994788, 0.101968, -4.64381e-05)
bones/129/rotation = Quaternion(-0.00350442, 0.0569781, 0.995904, -0.0701218)
bones/130/rotation = Quaternion(0.16414, -0.00150157, -0.0375967, 0.985719)
bones/130/scale = Vector3(1, 0.623817, 1)
bones/131/rotation = Quaternion(0.00311438, 0.749879, 0.643442, 0.153801)
bones/131/scale = Vector3(1.00001, 0.999996, 1.00001)
bones/132/rotation = Quaternion(-0.252767, 0.653498, -0.709725, -0.0730735)
bones/132/scale = Vector3(1.00001, 0.99999, 0.999999)
bones/133/rotation = Quaternion(-0.184042, 0.625571, -0.744268, -0.144411)
bones/133/scale = Vector3(0.999992, 1, 1)
bones/134/rotation = Quaternion(0.000504269, 0.986151, 0.165847, 0.000187174)
bones/135/rotation = Quaternion(0.0035062, 0.0569781, 0.995904, 0.0701216)
bones/136/rotation = Quaternion(0.273627, -0.0011573, -0.00741612, 0.961807)
bones/136/scale = Vector3(1, 0.441776, 1)
bones/137/rotation = Quaternion(0.013448, 0.000305798, 0.0261368, 0.999568)
bones/138/rotation = Quaternion(0.0134479, -0.00030578, -0.0261369, 0.999568)
bones/140/position = Vector3(0.0973081, 0.874517, -0.356857)
bones/140/rotation = Quaternion(-0.700041, 0.0497864, 0.0719026, 0.708727)
bones/141/rotation = Quaternion(-0.244035, 0.0326011, 0.00748616, 0.96919)
bones/142/position = Vector3(-0.0973081, 0.874517, -0.356857)
bones/142/rotation = Quaternion(-0.686406, -0.0484071, -0.0728385, 0.72194)
bones/143/rotation = Quaternion(-0.218952, -0.0308262, -0.0250337, 0.974927)
bones/144/rotation = Quaternion(-0.717052, 8.31362e-08, -8.55161e-08, 0.69702)
bones/145/position = Vector3(0.190893, -0.675274, 0.153761)
bones/145/rotation = Quaternion(-0.557605, 0.56961, -0.422408, 0.431502)
bones/146/position = Vector3(-0.330133, -0.0498276, -0.118948)
bones/146/scale = Vector3(1.00004, 1, 1)
bones/148/rotation = Quaternion(2.49909e-05, 0.188468, 0.982079, -5.23053e-06)
bones/150/rotation = Quaternion(0.707094, -0.00386351, 0.707098, -0.00386353)
bones/152/position = Vector3(-0.251973, -0.674319, 0.392606)
bones/152/rotation = Quaternion(-0.594683, -0.607486, 0.36838, 0.376311)
bones/153/position = Vector3(0.271215, 0.0664188, -0.137723)
bones/153/rotation = Quaternion(-7.54817e-09, 2.59824e-08, 0.998825, -0.0484632)
bones/153/scale = Vector3(1.00004, 1, 1)
bones/155/rotation = Quaternion(-2.4494e-05, 0.251688, 0.967809, 6.81983e-06)
bones/159/rotation = Quaternion(0.00860317, -0.0116826, 0.94222, -0.33468)
bones/160/rotation = Quaternion(0.0055202, 6.67032e-05, 0.000678588, 0.999985)
bones/161/rotation = Quaternion(3.74216e-07, -1.01547e-06, -0.382941, 0.923773)
bones/162/rotation = Quaternion(-0.0106478, -0.00985495, 0.988368, 0.151387)
bones/163/rotation = Quaternion(0.00516116, -0.00195934, 0.342979, 0.939327)
bones/164/rotation = Quaternion(5.96483e-07, 8.80166e-07, 0.537301, 0.843391)
bones/165/position = Vector3(0.551793, 1.52399, 0.280552)
bones/166/rotation = Quaternion(0.509391, 0.493628, -0.506194, 0.490531)
bones/169/rotation = Quaternion(0.014919, -0.0287501, 0.920066, -0.390422)
bones/170/rotation = Quaternion(0.00551115, 0.00032079, -0.0453826, 0.998954)
bones/171/rotation = Quaternion(3.7538e-07, -1.02857e-06, -0.220074, 0.975483)
bones/172/rotation = Quaternion(-0.0130703, -0.0256787, 0.988084, 0.151196)
bones/173/rotation = Quaternion(0.00525384, -0.00169471, 0.294843, 0.95553)
bones/174/rotation = Quaternion(4.45964e-07, 8.38542e-07, 0.41913, 0.907926)
bones/175/rotation = Quaternion(0.00588616, -0.00725439, 0.910892, -0.41254)
bones/176/rotation = Quaternion(0.00284219, 0.000694912, -0.19369, 0.981058)
bones/177/rotation = Quaternion(-0.00278805, 0.000135043, 0.0349042, 0.999387)
bones/178/rotation = Quaternion(-0.00531132, -0.00768478, 0.876505, 0.481302)
bones/179/rotation = Quaternion(0.00286224, -0.000604936, 0.162685, 0.986674)
bones/180/rotation = Quaternion(-0.00272524, -0.000604082, -0.203226, 0.979128)
bones/181/position = Vector3(0.551793, 1.47519, 0.280552)
bones/186/rotation = Quaternion(0.485723, 0.5442, -0.455496, 0.510336)
bones/187/rotation = Quaternion(0.485723, 0.5442, -0.455496, 0.510336)

[node name="TeethUpper_LowPoly" parent="metarig/GeneralSkeleton" index="0"]
transform = Transform3D(0.998593, 0.0168464, 0.0502868, -0.00202619, 0.959634, -0.281248, -0.0529947, 0.280749, 0.958317, -0.0283764, -0.499642, -0.0767139)

[node name="TeethLower_LowPoly" parent="metarig/GeneralSkeleton" index="1"]
transform = Transform3D(0.998593, 0.0168454, 0.0502866, -0.00202532, 0.959635, -0.281246, -0.0529943, 0.280749, 0.958317, -0.0283249, -0.496772, -0.075873)

[node name="EyeHLightBot_L" parent="metarig/GeneralSkeleton" index="2"]
transform = Transform3D(0.08445, 0.00142468, 0.0042527, -0.000171353, 0.0811552, -0.0237848, -0.00448171, 0.0237427, 0.0810439, -0.0015968, 0.776013, 0.379125)

[node name="EyeHLightTop_L" parent="metarig/GeneralSkeleton" index="3"]
transform = Transform3D(0.08445, 0.00142468, 0.0042527, -0.000171353, 0.0811552, -0.0237848, -0.00448171, 0.0237427, 0.0810438, -0.00159698, 0.776012, 0.379125)

[node name="Iris_L" parent="metarig/GeneralSkeleton" index="4"]
transform = Transform3D(0.998593, 0.0168464, 0.0502869, -0.00202615, 0.959633, -0.281248, -0.0529949, 0.280749, 0.958317, -0.028326, -0.496771, -0.0758734)

[node name="Pupil_L" parent="metarig/GeneralSkeleton" index="5"]
transform = Transform3D(0.998593, 0.0168455, 0.0502867, -0.00202527, 0.959633, -0.281248, -0.0529945, 0.28075, 0.958316, -0.0283249, -0.49677, -0.0758742)

[node name="EyeHLightBot_R" parent="metarig/GeneralSkeleton" index="6"]
transform = Transform3D(0.08445, 0.00142468, 0.0042527, -0.000171354, 0.0811552, -0.0237848, -0.00448171, 0.0237427, 0.0810439, -0.0015968, 0.776012, 0.379125)

[node name="EyeHLightTop_R" parent="metarig/GeneralSkeleton" index="7"]
transform = Transform3D(0.08445, 0.00142468, 0.0042527, -0.000171353, 0.0811552, -0.0237848, -0.00448171, 0.0237426, 0.0810438, -0.00159699, 0.776012, 0.379125)

[node name="Iris_R" parent="metarig/GeneralSkeleton" index="8"]
transform = Transform3D(0.998593, 0.0168464, 0.0502869, -0.00202615, 0.959633, -0.281247, -0.0529949, 0.280749, 0.958317, -0.028326, -0.496771, -0.0758732)

[node name="Pupil_R" parent="metarig/GeneralSkeleton" index="9"]
transform = Transform3D(0.998593, 0.0168464, 0.0502869, -0.00202615, 0.959633, -0.281247, -0.0529949, 0.280749, 0.958317, -0.028326, -0.496771, -0.0758732)

[node name="Hat_LowPoly" parent="metarig/GeneralSkeleton" index="10"]
transform = Transform3D(0.998593, 0.0168456, 0.0502866, -0.00202531, 0.959633, -0.28125, -0.0529944, 0.280752, 0.958316, -0.0283251, -0.496769, -0.075877)

[node name="EyeWhite_lowPoly" parent="metarig/GeneralSkeleton" index="11"]
transform = Transform3D(0.998593, 0.0168454, 0.0502867, -0.00202527, 0.959633, -0.281247, -0.0529945, 0.280749, 0.958316, -0.0283249, -0.49677, -0.0758738)

[node name="Cane_LowPoly" parent="metarig/GeneralSkeleton" index="12"]
transform = Transform3D(-0.182081, 0.380456, -0.906697, -0.673036, 0.624028, 0.397004, 0.716848, 0.682526, 0.142437, -0.842494, -0.647581, 0.242968)

[node name="Belt_LowPoly" parent="metarig/GeneralSkeleton" index="13"]
transform = Transform3D(1, -7.96833e-09, -1.01103e-08, 1.66119e-09, 0.858703, -0.512474, 1.27653e-08, 0.512474, 0.858703, 6.99527e-09, -0.128116, -0.498064)

[node name="AnimationPlayer" parent="." index="1"]
autoplay = "CrouchingStand"

[node name="AnimationTree" type="AnimationTree" parent="." index="2"]
active = false
tree_root = SubResource("AnimationNodeBlendTree_d6jqt")
anim_player = NodePath("../AnimationPlayer")
