[gd_scene load_steps=11 format=3 uid="uid://bysuj8xbry7yo"]

[ext_resource type="PackedScene" uid="uid://de6mgoqkj1lls" path="res://Assets/Temp Imports/testsly.glb" id="1_ayhvr"]
[ext_resource type="Script" uid="uid://daramrt1l8nik" path="res://Scripts/sly_mesh.gd" id="2_7op12"]

[sub_resource type="BoxMesh" id="BoxMesh_7op12"]
size = Vector3(0.25, 0.25, 0.25)

[sub_resource type="AnimationNodeAnimation" id="AnimationNodeAnimation_7op12"]
animation = &"UprightStand"

[sub_resource type="AnimationNodeAnimation" id="AnimationNodeAnimation_eb51t"]
animation = &"CrouchingStand"

[sub_resource type="AnimationNodeAnimation" id="AnimationNodeAnimation_5wtpt"]
animation = &"Walk"

[sub_resource type="AnimationNodeTimeScale" id="AnimationNodeTimeScale_7op12"]

[sub_resource type="AnimationNodeTransition" id="AnimationNodeTransition_n3awt"]
xfade_time = 0.2
input_0/name = "floor_idle"
input_0/auto_advance = false
input_0/break_loop_at_end = false
input_0/reset = true
input_1/name = "floor_walk"
input_1/auto_advance = false
input_1/break_loop_at_end = false
input_1/reset = true

[sub_resource type="AnimationNodeTransition" id="AnimationNodeTransition_yx38o"]
xfade_time = 0.2
input_0/name = "floor"
input_0/auto_advance = false
input_0/break_loop_at_end = false
input_0/reset = true
input_1/name = "air"
input_1/auto_advance = false
input_1/break_loop_at_end = false
input_1/reset = true

[sub_resource type="AnimationNodeBlendTree" id="AnimationNodeBlendTree_d6jqt"]
nodes/Animation/node = SubResource("AnimationNodeAnimation_5wtpt")
nodes/Animation/position = Vector2(-420, 100)
"nodes/Animation 2/node" = SubResource("AnimationNodeAnimation_7op12")
"nodes/Animation 2/position" = Vector2(-280, -80)
"nodes/Animation 3/node" = SubResource("AnimationNodeAnimation_eb51t")
"nodes/Animation 3/position" = Vector2(-220, 300)
nodes/TimeScale/node = SubResource("AnimationNodeTimeScale_7op12")
nodes/TimeScale/position = Vector2(-240, 100)
nodes/floor_state/node = SubResource("AnimationNodeTransition_n3awt")
nodes/floor_state/position = Vector2(-80, 0)
nodes/state/node = SubResource("AnimationNodeTransition_yx38o")
nodes/state/position = Vector2(100, 160)
node_connections = [&"TimeScale", 0, &"Animation", &"floor_state", 0, &"Animation 2", &"floor_state", 1, &"TimeScale", &"output", 0, &"state", &"state", 0, &"floor_state", &"state", 1, &"Animation 3"]

[node name="sly_cooper_model" instance=ExtResource("1_ayhvr")]
script = ExtResource("2_7op12")

[node name="GeneralSkeleton" parent="metarig" index="0"]
bones/0/position = Vector3(-0.0143027, 0.795722, 0.076271)
bones/0/rotation = Quaternion(-0.0685936, 0.000658798, -0.0531574, 0.996227)
bones/0/scale = Vector3(0.986832, 0.872326, 0.972359)
bones/2/position = Vector3(0, 0.669564, 0.2287)
bones/3/position = Vector3(0.23542, 0.126799, -0.10973)
bones/3/rotation = Quaternion(0.12747, -0.221979, -0.48008, 0.839047)
bones/4/position = Vector3(-0.184794, -0.0345374, -0.083433)
bones/5/position = Vector3(-0.24064, 0.120388, -0.13925)
bones/5/rotation = Quaternion(0.000222011, -0.000387815, 0.496714, 0.867914)
bones/6/position = Vector3(0.221521, 0.0277382, -0.101953)
bones/6/rotation = Quaternion(-0.533222, -0.477112, 0.455756, 0.529457)
bones/7/position = Vector3(-1.49676e-10, 0.240779, -0.183357)
bones/7/rotation = Quaternion(-5.58336e-08, 2.2931e-08, -0.0499071, 0.998754)
bones/8/rotation = Quaternion(-4.94885e-08, -0.00122398, -0.0498921, 0.998754)
bones/9/rotation = Quaternion(-0.00342887, 0.00681407, 0.0970209, 0.995253)
bones/10/rotation = Quaternion(-0.121707, -0.00370339, 0.0125243, 0.99248)
bones/11/rotation = Quaternion(0.0280796, 0.00175425, -0.00533951, 0.99959)
bones/12/rotation = Quaternion(0.0968823, -0.0009757, -0.00458983, 0.995285)
bones/15/position = Vector3(1.26552e-07, 0.0514369, 0.034672)
bones/18/rotation = Quaternion(-6.67126e-10, 0.707107, 0.707107, 1.90791e-10)
bones/25/rotation = Quaternion(-0.0888174, -0.0794537, -0.29801, 0.947095)
bones/26/rotation = Quaternion(-0.0958347, -0.342294, 0.0466799, 0.933526)
bones/43/rotation = Quaternion(-0.0888175, 0.0794536, 0.29801, 0.947095)
bones/44/rotation = Quaternion(-0.0958346, 0.342294, -0.0466799, 0.933526)
bones/46/rotation = Quaternion(0.0791209, -0.000422018, 0.0461174, 0.995798)
bones/48/rotation = Quaternion(0.079121, 0.000422045, -0.0461174, 0.995798)
bones/49/rotation = Quaternion(-0.888241, -0.258166, 0.0449698, 0.377301)
bones/50/rotation = Quaternion(-0.110584, -0.177303, 0.124162, 0.97001)
bones/51/rotation = Quaternion(0.0279609, -0.00415872, 0.0444958, 0.99861)
bones/52/rotation = Quaternion(0.0031759, -0.00153488, -0.0223259, 0.999745)
bones/53/rotation = Quaternion(-0.814634, -0.00183805, 0.31333, 0.48805)
bones/54/rotation = Quaternion(-0.121835, -0.102418, -0.112189, 0.980857)
bones/55/rotation = Quaternion(-0.125184, -0.10987, -0.0614084, 0.984117)
bones/56/rotation = Quaternion(-0.0452738, -0.0401171, 0.0166691, 0.99803)
bones/65/rotation = Quaternion(0.541103, 0.438909, 0.564428, -0.442706)
bones/66/rotation = Quaternion(-0.112184, 0.988171, -0.10331, -0.0161028)
bones/67/rotation = Quaternion(0.0274499, -0.829545, 0.159763, 0.534394)
bones/68/rotation = Quaternion(0.0202842, 0.796607, -0.200244, 0.570007)
bones/69/rotation = Quaternion(0.129782, 0.673477, 0.404781, 0.604763)
bones/70/rotation = Quaternion(0.0741943, 0.989454, 0.0788985, 0.0961775)
bones/71/rotation = Quaternion(-0.0205085, 0.00956508, -0.10814, 0.993878)
bones/72/rotation = Quaternion(0.0173104, -0.0256809, -0.285095, 0.957999)
bones/73/rotation = Quaternion(-0.24864, 0.439438, 0.0904686, 0.858422)
bones/74/rotation = Quaternion(0.166303, 0.31232, -0.00692719, 0.935282)
bones/75/rotation = Quaternion(-0.0188078, 0.0140931, 0.144859, 0.989173)
bones/77/rotation = Quaternion(0.0170517, -0.690609, -0.040322, 0.721902)
bones/78/rotation = Quaternion(0.00297031, -0.0262471, -0.136689, 0.990262)
bones/79/rotation = Quaternion(-0.0096538, -0.0128591, -0.473254, 0.88078)
bones/81/rotation = Quaternion(-0.0732611, 0.622125, -0.0267135, 0.779025)
bones/82/rotation = Quaternion(0.00997474, -0.025673, -0.162089, 0.986392)
bones/83/rotation = Quaternion(-0.0120871, 0.044452, -0.47279, 0.87997)
bones/85/rotation = Quaternion(-0.0709078, 0.517056, -0.0962034, 0.847567)
bones/86/rotation = Quaternion(-0.00988615, -0.0735818, -0.0587184, 0.99551)
bones/87/rotation = Quaternion(-0.0663561, 0.167866, -0.522897, 0.833065)
bones/88/rotation = Quaternion(0.548999, -0.440466, -0.557536, -0.440163)
bones/89/rotation = Quaternion(0.220617, 0.965258, -0.140007, 0.00198324)
bones/90/rotation = Quaternion(0.0267741, 0.827156, -0.15583, 0.539271)
bones/91/rotation = Quaternion(-0.00332728, -0.865404, -0.00139169, 0.501063)
bones/92/position = Vector3(0.0487469, 0.0772045, 0.1005)
bones/92/rotation = Quaternion(-0.685269, 0.445253, 0.313862, 0.48337)
bones/95/rotation = Quaternion(0.172627, 0.978107, 0.0514446, -0.104213)
bones/96/rotation = Quaternion(-0.0226246, -0.0004626, 0.500511, 0.865435)
bones/97/rotation = Quaternion(0.0208802, 0.0228731, 0.42214, 0.906002)
bones/98/rotation = Quaternion(-0.248719, -0.440187, -0.0902515, 0.858038)
bones/99/rotation = Quaternion(-0.0702664, -0.0762152, 0.00454352, 0.994602)
bones/100/rotation = Quaternion(-0.0153116, -0.0178297, -0.355521, 0.934373)
bones/102/rotation = Quaternion(0.146711, 0.675061, 0.175454, 0.701416)
bones/103/rotation = Quaternion(0.0131398, 0.0229146, 0.518347, 0.854762)
bones/104/rotation = Quaternion(-0.00796246, 0.0139697, 0.580124, 0.814369)
bones/106/rotation = Quaternion(-0.189028, -0.597223, 0.172839, 0.760079)
bones/107/rotation = Quaternion(0.0193416, 0.0196087, 0.540127, 0.841133)
bones/108/rotation = Quaternion(-0.0175742, -0.042582, 0.579562, 0.813625)
bones/110/rotation = Quaternion(-0.166944, -0.494474, 0.253986, 0.81432)
bones/111/rotation = Quaternion(0.020118, 0.0714652, 0.448857, 0.890514)
bones/112/rotation = Quaternion(-0.0869131, -0.158203, 0.623381, 0.760798)
bones/113/rotation = Quaternion(0.714377, 0.0505033, -0.0754472, 0.693847)
bones/114/rotation = Quaternion(0.711861, -0.0525095, 0.0808901, 0.695668)
bones/125/rotation = Quaternion(0.106468, 0.0665158, 0.991818, 0.0232)
bones/125/scale = Vector3(1.00001, 1, 1.00001)
bones/126/rotation = Quaternion(0.0256049, 0.997056, -0.071895, 0.00740256)
bones/127/rotation = Quaternion(0.161455, 0.678341, -0.716524, 0.0194562)
bones/127/scale = Vector3(0.999993, 1, 0.999995)
bones/128/rotation = Quaternion(-0.000316482, 0.99998, 0.00637242, -6.20915e-05)
bones/129/rotation = Quaternion(-0.00350441, 0.0569781, 0.995904, -0.0701217)
bones/130/rotation = Quaternion(-0.0348493, 0.00169791, 0.0213321, 0.999164)
bones/130/scale = Vector3(1, 0.788695, 1)
bones/131/rotation = Quaternion(-0.117877, 0.23898, 0.9638, -0.0091193)
bones/131/scale = Vector3(1.00001, 1, 1.00001)
bones/132/rotation = Quaternion(-0.130586, 0.920371, -0.366661, -0.0377531)
bones/132/scale = Vector3(1, 0.999998, 0.999997)
bones/133/rotation = Quaternion(-0.122336, 0.794537, -0.594297, 0.0235885)
bones/133/scale = Vector3(1, 1, 0.999999)
bones/134/rotation = Quaternion(0.000154113, 0.96156, 0.274594, 7.83167e-05)
bones/135/rotation = Quaternion(0.0035062, 0.0569781, 0.995904, 0.0701216)
bones/136/rotation = Quaternion(0.0373177, -0.00229853, -0.0307159, 0.998829)
bones/136/scale = Vector3(1, 0.75251, 1)
bones/137/rotation = Quaternion(4.63794e-06, -0.0001679, 0.023646, 0.99972)
bones/138/rotation = Quaternion(-2.09289e-06, -7.62898e-05, -0.0286311, 0.99959)
bones/140/position = Vector3(0.0973081, 0.874517, -0.356857)
bones/140/rotation = Quaternion(-0.819543, -0.157836, 0.219785, 0.505105)
bones/141/rotation = Quaternion(0.0427705, -0.00804724, -0.00568617, 0.999036)
bones/142/position = Vector3(-0.0973081, 0.874517, -0.356857)
bones/142/rotation = Quaternion(-0.817484, -0.150886, 0.122226, 0.54223)
bones/143/rotation = Quaternion(-0.201255, -0.192408, -0.0231932, 0.960176)
bones/144/rotation = Quaternion(-0.798064, -0.157405, 0.113039, 0.570561)
bones/145/position = Vector3(0.146676, -0.677902, 0.147155)
bones/145/rotation = Quaternion(-0.597848, 0.610719, -0.363221, 0.37104)
bones/146/position = Vector3(-0.494013, 0.0364003, -0.023114)
bones/146/scale = Vector3(1.00004, 1, 1)
bones/148/rotation = Quaternion(2.53758e-05, 0.0941987, 0.995553, -2.84512e-06)
bones/150/rotation = Quaternion(0.707094, -0.00386354, 0.707098, -0.00386349)
bones/152/position = Vector3(-0.146676, -0.677902, 0.147155)
bones/152/rotation = Quaternion(-0.566278, -0.57847, 0.410708, 0.41955)
bones/153/position = Vector3(0.505791, 0.0270614, 0.00622771)
bones/153/rotation = Quaternion(-7.54817e-09, 2.59824e-08, 0.998825, -0.0484632)
bones/153/scale = Vector3(1.00004, 1, 1)
bones/155/rotation = Quaternion(-2.35596e-05, 0.358358, 0.933584, 9.52399e-06)
bones/159/rotation = Quaternion(0.00860317, -0.0116826, 0.94222, -0.33468)
bones/160/rotation = Quaternion(0.00551492, -0.000248942, 0.0578372, 0.998311)
bones/161/rotation = Quaternion(4.57694e-07, -1.00838e-06, -0.427125, 0.904193)
bones/162/rotation = Quaternion(-0.0106478, -0.00985495, 0.988368, 0.151387)
bones/163/rotation = Quaternion(0.00516116, -0.00195934, 0.342979, 0.939327)
bones/164/rotation = Quaternion(5.96483e-07, 8.80166e-07, 0.537301, 0.843391)
bones/165/position = Vector3(0.551793, 1.52935, 0.280552)
bones/166/rotation = Quaternion(0.509391, 0.493628, -0.506194, 0.490531)
bones/169/rotation = Quaternion(0.014919, -0.0287501, 0.920066, -0.390422)
bones/170/rotation = Quaternion(0.00549065, -0.000572639, 0.116395, 0.993188)
bones/171/rotation = Quaternion(3.5394e-07, -1.00291e-06, -0.281836, 0.959463)
bones/172/rotation = Quaternion(-0.0130703, -0.0256787, 0.988084, 0.151196)
bones/173/rotation = Quaternion(0.00525384, -0.00169471, 0.294843, 0.95553)
bones/174/rotation = Quaternion(4.45964e-07, 8.38542e-07, 0.41913, 0.907926)
bones/175/rotation = Quaternion(0.00607634, -0.00726509, 0.8765, -0.481308)
bones/176/rotation = Quaternion(0.00290012, -0.000387527, 0.176767, 0.984248)
bones/177/rotation = Quaternion(-0.00279136, -7.58829e-08, -0.013513, 0.999905)
bones/178/rotation = Quaternion(-0.00531132, -0.00768478, 0.876505, 0.481302)
bones/179/rotation = Quaternion(0.00286224, -0.000604936, 0.162685, 0.986674)
bones/180/rotation = Quaternion(-0.00272524, -0.000604082, -0.203226, 0.979128)
bones/181/position = Vector3(0.551793, 1.47915, 0.280297)
bones/186/rotation = Quaternion(0.485723, 0.5442, -0.455496, 0.510336)
bones/187/rotation = Quaternion(0.485723, 0.5442, -0.455496, 0.510336)

[node name="TeethUpper_LowPoly" parent="metarig/GeneralSkeleton" index="0"]
transform = Transform3D(0.999982, -0.000276067, 0.00589967, 0.000278644, 1, -0.000435054, -0.00589955, 0.000436872, 0.999983, 0.0381419, -0.00631881, -0.02496)

[node name="TeethLower_LowPoly" parent="metarig/GeneralSkeleton" index="1"]
transform = Transform3D(0.999982, -0.000277019, 0.00589954, 0.000279591, 1, -0.000433981, -0.00589941, 0.000436246, 0.999983, 0.0381421, -0.00332749, -0.0249577)

[node name="EyeHLightBot_L" parent="metarig/GeneralSkeleton" index="2"]
transform = Transform3D(0.0845675, -2.33458e-05, 0.000498931, 2.35638e-05, 0.084569, -3.68025e-05, -0.000498921, 3.69646e-05, 0.0845676, 0.038237, 1.34623, 0.0550409)

[node name="EyeHLightTop_L" parent="metarig/GeneralSkeleton" index="3"]
transform = Transform3D(0.0845675, -2.33456e-05, 0.000498931, 2.35636e-05, 0.0845689, -3.68025e-05, -0.00049892, 3.69646e-05, 0.0845675, 0.0382368, 1.34623, 0.055041)

[node name="Iris_L" parent="metarig/GeneralSkeleton" index="4"]
transform = Transform3D(0.999982, -0.000276068, 0.00589982, 0.000278644, 1, -0.000434995, -0.00589969, 0.000436912, 0.999983, 0.038141, -0.0033263, -0.0249583)

[node name="Pupil_L" parent="metarig/GeneralSkeleton" index="5"]
transform = Transform3D(0.999982, -0.000277021, 0.00589968, 0.000279602, 0.999999, -0.00043571, -0.00589955, 0.000437632, 0.999983, 0.0381421, -0.0033257, -0.0249593)

[node name="EyeHLightBot_R" parent="metarig/GeneralSkeleton" index="6"]
transform = Transform3D(0.0845675, -2.33462e-05, 0.000498927, 2.35641e-05, 0.0845689, -3.67976e-05, -0.000498916, 3.69597e-05, 0.0845676, 0.038237, 1.34623, 0.0550409)

[node name="EyeHLightTop_R" parent="metarig/GeneralSkeleton" index="7"]
transform = Transform3D(0.0845675, -2.3346e-05, 0.000498931, 2.35639e-05, 0.0845689, -3.67825e-05, -0.000498921, 3.69496e-05, 0.0845675, 0.0382368, 1.34623, 0.055041)

[node name="Iris_R" parent="metarig/GeneralSkeleton" index="8"]
transform = Transform3D(0.999982, -0.000276063, 0.00589982, 0.000278638, 0.999999, -0.000434756, -0.00589969, 0.000436673, 0.999983, 0.038141, -0.00332642, -0.0249581)

[node name="Pupil_R" parent="metarig/GeneralSkeleton" index="9"]
transform = Transform3D(0.999982, -0.000276063, 0.00589982, 0.000278638, 0.999999, -0.000434756, -0.00589969, 0.000436673, 0.999983, 0.038141, -0.00332642, -0.0249581)

[node name="Hat_LowPoly" parent="metarig/GeneralSkeleton" index="10"]
transform = Transform3D(0.999982, -0.000277005, 0.00589954, 0.0002796, 1, -0.000437856, -0.00589942, 0.000440001, 0.999983, 0.0381421, -0.0033257, -0.0249622)

[node name="EyeWhite_lowPoly" parent="metarig/GeneralSkeleton" index="11"]
transform = Transform3D(0.999982, -0.000277026, 0.00589967, 0.000279603, 0.999999, -0.000435073, -0.00589955, 0.000436995, 0.999983, 0.0381421, -0.00332594, -0.0249588)

[node name="Cane_LowPoly" parent="metarig/GeneralSkeleton" index="12"]
transform = Transform3D(0.0227415, -0.171251, -0.984965, -0.825605, -0.558819, 0.0780971, -0.563791, 0.811416, -0.154094, 0.0827478, 0.717074, -1.2183)

[node name="Belt_LowPoly" parent="metarig/GeneralSkeleton" index="13"]
transform = Transform3D(0.995019, 0.0996899, 8.84756e-09, -0.0996899, 0.995019, -2.90573e-07, -3.77178e-08, 2.75671e-07, 1, -0.0925792, 0.00192052, 0.000450537)

[node name="Tail_LowPoly" parent="metarig/GeneralSkeleton" index="18"]
visible = false

[node name="Tail_001_Attachment" type="BoneAttachment3D" parent="metarig/GeneralSkeleton" index="21"]
transform = Transform3D(0.995019, -0.0237267, 0.0968254, -0.0996901, -0.236819, 0.966426, 2.36061e-08, -0.971264, -0.238005, -0.00210829, 0.904923, 0.0242759)
bone_name = "Tail.001"
bone_idx = 117

[node name="MeshInstance3D" type="MeshInstance3D" parent="metarig/GeneralSkeleton/Tail_001_Attachment" index="0"]
visible = false
mesh = SubResource("BoxMesh_7op12")

[node name="hips" type="BoneAttachment3D" parent="metarig/GeneralSkeleton" index="22"]
transform = Transform3D(0.981254, 0.0923125, 0.0083673, -0.104608, 0.859188, 0.132824, 0.00590115, -0.119282, 0.963208, -0.0143027, 0.795722, 0.076271)
bone_name = "Hips_Center"
bone_idx = 0

[node name="AnimationPlayer" parent="." index="1"]
autoplay = "UprightStand"

[node name="AnimationTree" type="AnimationTree" parent="." index="2"]
tree_root = SubResource("AnimationNodeBlendTree_d6jqt")
anim_player = NodePath("../AnimationPlayer")
parameters/TimeScale/scale = 1.0
parameters/floor_state/current_state = "floor_idle"
parameters/floor_state/transition_request = ""
parameters/floor_state/current_index = 0
parameters/state/current_state = "floor"
parameters/state/transition_request = ""
parameters/state/current_index = 0
