[gd_scene load_steps=10 format=3 uid="uid://bath36ob6dj1b"]

[ext_resource type="Environment" uid="uid://ch3alxhyfv1n0" path="res://Scenes/Worlds/Paris_Environment.tres" id="1_25okp"]
[ext_resource type="VoxelGIData" uid="uid://f553vglevgdr" path="res://Scenes/Worlds/Paris.VoxelGI_data.res" id="1_pr2ko"]
[ext_resource type="PackedScene" uid="uid://c70l3ebt3x47f" path="res://Scenes/Character/player__sly.tscn" id="2_25okp"]
[ext_resource type="PackedScene" uid="uid://xcipepk1meu" path="res://Scenes/Design Tools/camera_parent.tscn" id="3_617rq"]
[ext_resource type="PackedScene" uid="uid://bixha23p0lm3o" path="res://Assets/Temp Imports/p-bld-safehouse.fbx" id="4_5n2g1"]
[ext_resource type="PackedScene" uid="uid://cf5wmy3ddaxgd" path="res://Assets/Temp Imports/p-bld-sly2-medtower.glb" id="5_gojqr"]
[ext_resource type="PackedScene" uid="uid://0aqdv3whvcao" path="res://Assets/Temp Imports/p-modular-aframe.glb" id="6_gfphh"]
[ext_resource type="PackedScene" uid="uid://bgstehumyyjb6" path="res://Assets/Temp Imports/a balcony.glb" id="7_u86sc"]
[ext_resource type="Texture2D" uid="uid://qqcd76u2o2ig" path="res://Assets/Temp Imports/paris skyline.png" id="8_awwuf"]

[node name="Paris" type="Node3D"]

[node name="WorldEnvironment" type="WorldEnvironment" parent="."]
environment = ExtResource("1_25okp")

[node name="DirectionalLight3D" type="DirectionalLight3D" parent="."]
transform = Transform3D(-0.573576, -0.769751, 0.280167, 0, 0.34202, 0.939693, -0.819152, 0.538985, -0.196175, 0, 0, 0)
light_color = Color(0.411765, 0.45098, 0.627451, 1)
light_energy = 0.5
light_bake_mode = 1
shadow_enabled = true
shadow_normal_bias = 3.0
directional_shadow_blend_splits = true

[node name="VoxelGI" type="VoxelGI" parent="."]
transform = Transform3D(1, 0, 0, 0, 1, 0, 0, 0, 1, 59.0668, 24.1166, 37.0228)
size = Vector3(758.704, 181.617, 796.222)
data = ExtResource("1_pr2ko")

[node name="Player_ Sly" parent="." node_paths=PackedStringArray("camera_parent") instance=ExtResource("2_25okp")]
transform = Transform3D(1, 0, 0, 0, 1, 0, 0, 0, 1, 19.0038, 9.10546, 13.9083)
camera_parent = NodePath("../Camera Parent")

[node name="Camera Parent" parent="." node_paths=PackedStringArray("camera_player") instance=ExtResource("3_617rq")]
transform = Transform3D(1, 0, 0, 0, 1, 0, 0, 0, 1, -20, 15.6216, 3.5)
camera_player = NodePath("../Player_ Sly")

[node name="p-bld-safehouse" parent="." instance=ExtResource("4_5n2g1")]
transform = Transform3D(0.996195, 0, 0.0871557, 0, 1, 0, -0.0871557, 0, 0.996195, 1.5, 0, 1.5)

[node name="p-bld-sly2-medtower3" parent="." instance=ExtResource("5_gojqr")]
transform = Transform3D(-0.965926, 0, 0.258819, 0, 1, 0, -0.258819, 0, -0.965926, 28, 0, 9)

[node name="p-modular-aframe" parent="." instance=ExtResource("6_gfphh")]
transform = Transform3D(-0.34202, 0, 0.939693, 0, 1, 0, -0.939693, 0, -0.34202, 19, 0, 23.5)

[node name="a balcony" parent="p-modular-aframe" instance=ExtResource("7_u86sc")]
transform = Transform3D(-2.98023e-08, 0, 1, 0, 1, 0, -1, 0, -2.98023e-08, 0, 0, 0)

[node name="a balcony2" parent="p-modular-aframe" instance=ExtResource("7_u86sc")]
transform = Transform3D(1.31134e-07, 0, -1, 0, 1, 0, 1, 0, 1.31134e-07, -10, 0, 1.52588e-05)

[node name="Sprite3D4" type="Sprite3D" parent="."]
transform = Transform3D(8.74228e-08, 0, -1, 0, 1, 0, 1, 0, 8.74228e-08, 852.5, -2.7432, 26)
pixel_size = 1.0
texture = ExtResource("8_awwuf")

[node name="Sprite3D" type="Sprite3D" parent="."]
transform = Transform3D(1, 0, 0, 0, 1, 0, 0, 0, 1, 37.5, -2.7432, -793)
pixel_size = 1.0
texture = ExtResource("8_awwuf")

[node name="Sprite3D2" type="Sprite3D" parent="."]
transform = Transform3D(0, 0, 1, 0, 1, 0, -1, 0, 0, -781.5, -2.7432, 25)
pixel_size = 1.0
texture = ExtResource("8_awwuf")

[node name="Sprite3D3" type="Sprite3D" parent="."]
transform = Transform3D(-1, 0, -8.74228e-08, 0, 1, 0, 8.74228e-08, 0, -1, 34, -2.7432, 845.5)
pixel_size = 1.0
texture = ExtResource("8_awwuf")
